20:20,89,140,149,160,229
21:20,89,140,149,160,229
22:20,89,140,149,160,229
23:20,89,140,149,160,229
24:20,89,140,149,160,229
25:20,89,140,149,160,229
26:20,89,140,149,160,229
27:20,89,140,149,160,229
28:20,89,140,149,160,229
29:20,89,140,149,160,229
30:20,29,80,89,110,139,160,169,220,229
31:20,29,80,89,110,139,160,169,220,229
32:20,29,80,89,110,139,160,169,220,229
33:20,29,80,89,110,139,160,169,220,229
34:20,29,80,89,110,139,160,169,220,229
35:20,29,80,89,110,139,160,169,220,229
36:20,29,80,89,110,139,160,169,220,229
37:20,29,80,89,110,139,160,169,220,229
38:20,29,80,89,110,139,160,169,220,229
39:20,29,80,89,110,139,160,169,220,229
40:20,29,40,69,80,89,100,139,160,169,180,209,220,229
41:20,29,40,69,80,89,100,139,160,169,180,209,220,229
42:20,29,40,69,80,89,100,139,160,169,180,209,220,229
43:20,29,40,69,80,89,100,139,160,169,180,209,220,229
44:20,29,40,69,80,89,100,139,160,169,180,209,220,229
45:20,29,40,69,80,89,100,139,160,169,180,209,220,229
46:20,29,40,69,80,89,100,139,160,169,180,209,220,229
47:20,29,40,69,80,89,100,139,160,169,180,209,220,229
48:20,29,40,69,80,89,100,139,160,169,180,209,220,229
49:20,29,40,69,80,89,100,139,160,169,180,209,220,229
50:20,29,40,69,80,89,100,109,130,139,160,169,180,209,220,229
51:20,29,40,69,80,89,100,109,130,139,160,169,180,209,220,229
52:20,29,40,69,80,89,100,109,130,139,160,169,180,209,220,229
53:20,29,40,69,80,89,100,109,130,139,160,169,180,209,220,229
54:20,29,40,69,80,89,100,109,130,139,160,169,180,209,220,229
55:20,29,40,69,80,89,100,109,130,139,160,169,180,209,220,229
56:20,29,40,69,80,89,100,109,130,139,160,169,180,209,220,229
57:20,29,40,69,80,89,100,109,130,139,160,169,180,209,220,229
58:20,29,40,69,80,89,100,109,130,139,160,169,180,209,220,229
59:20,29,40,69,80,89,100,109,130,139,160,169,180,209,220,229
60:20,29,40,69,80,89,100,109,140,149,160,169,180,209,220,229
61:20,29,40,69,80,89,100,109,140,149,160,169,180,209,220,229
62:20,29,40,69,80,89,100,109,140,149,160,169,180,209,220,229
63:20,29,40,69,80,89,100,109,140,149,160,169,180,209,220,229
64:20,29,40,69,80,89,100,109,140,149,160,169,180,209,220,229
65:20,29,40,69,80,89,100,109,140,149,160,169,180,209,220,229
66:20,29,40,69,80,89,100,109,140,149,160,169,180,209,220,229
67:20,29,40,69,80,89,100,109,140,149,160,169,180,209,220,229
68:20,29,40,69,80,89,100,109,140,149,160,169,180,209,220,229
69:20,29,40,69,80,89,100,109,140,149,160,169,180,209,220,229
70:20,29,80,89,100,109,120,139,160,169,220,229
71:20,29,80,89,100,109,120,139,160,169,220,229
72:20,29,80,89,100,109,120,139,160,169,220,229
73:20,29,80,89,100,109,120,139,160,169,220,229
74:20,29,80,89,100,109,120,139,160,169,220,229
75:20,29,80,89,100,109,120,139,160,169,220,229
76:20,29,80,89,100,109,120,139,160,169,220,229
77:20,29,80,89,100,109,120,139,160,169,220,229
78:20,29,80,89,100,109,120,139,160,169,220,229
79:20,29,80,89,100,109,120,139,160,169,220,229
80:20,89,100,109,120,129,140,149,160,229
81:20,89,100,109,120,129,140,149,160,229
82:20,89,100,109,120,129,140,149,160,229
83:20,89,100,109,120,129,140,149,160,229
84:20,89,100,109,120,129,140,149,160,229
85:20,89,100,109,120,129,140,149,160,229
86:20,89,100,109,120,129,140,149,160,229
87:20,89,100,109,120,129,140,149,160,229
88:20,89,100,109,120,129,140,149,160,229
89:20,89,100,109,120,129,140,149,160,229
90:100,119
91:100,119
92:100,119
93:100,119
94:100,119
95:100,119
96:100,119
97:100,119
98:100,119
99:100,119
100:20,29,40,89,110,119,130,139,160,209
101:20,29,40,89,110,119,130,139,160,209
102:20,29,40,89,110,119,130,139,160,209
103:20,29,40,89,110,119,130,139,160,209
104:20,29,40,89,110,119,130,139,160,209
105:20,29,40,89,110,119,130,139,160,209
106:20,29,40,89,110,119,130,139,160,209
107:20,29,40,89,110,119,130,139,160,209
108:20,29,40,89,110,119,130,139,160,209
109:20,29,40,89,110,119,130,139,160,209
110:20,79,90,99,120,169,190,209,220,229
111:20,79,90,99,120,169,190,209,220,229
112:20,79,90,99,120,169,190,209,220,229
113:20,79,90,99,120,169,190,209,220,229
114:20,79,90,99,120,169,190,209,220,229
115:20,79,90,99,120,169,190,209,220,229
116:20,79,90,99,120,169,190,209,220,229
117:20,79,90,99,120,169,190,209,220,229
118:20,79,90,99,120,169,190,209,220,229
119:20,79,90,99,120,169,190,209,220,229
120:20,29,70,89,110,129,140,149,160,179,190,219
121:20,29,70,89,110,129,140,149,160,179,190,219
122:20,29,70,89,110,129,140,149,160,179,190,219
123:20,29,70,89,110,129,140,149,160,179,190,219
124:20,29,70,89,110,129,140,149,160,179,190,219
125:20,29,70,89,110,129,140,149,160,179,190,219
126:20,29,70,89,110,129,140,149,160,179,190,219
127:20,29,70,89,110,129,140,149,160,179,190,219
128:20,29,70,89,110,129,140,149,160,179,190,219
129:20,29,70,89,110,129,140,149,160,179,190,219
130:20,59,100,109,130,169,190,209
131:20,59,100,109,130,169,190,209
132:20,59,100,109,130,169,190,209
133:20,59,100,109,130,169,190,209
134:20,59,100,109,130,169,190,209
135:20,59,100,109,130,169,190,209
136:20,59,100,109,130,169,190,209
137:20,59,100,109,130,169,190,209
138:20,59,100,109,130,169,190,209
139:20,59,100,109,130,169,190,209
140:20,49,80,119,140,149,170,179,190,199,220,229
141:20,49,80,119,140,149,170,179,190,199,220,229
142:20,49,80,119,140,149,170,179,190,199,220,229
143:20,49,80,119,140,149,170,179,190,199,220,229
144:20,49,80,119,140,149,170,179,190,199,220,229
145:20,49,80,119,140,149,170,179,190,199,220,229
146:20,49,80,119,140,149,170,179,190,199,220,229
147:20,49,80,119,140,149,170,179,190,199,220,229
148:20,49,80,119,140,149,170,179,190,199,220,229
149:20,49,80,119,140,149,170,179,190,199,220,229
150:100,119,140,149,170,179,220,229
151:100,119,140,149,170,179,220,229
152:100,119,140,149,170,179,220,229
153:100,119,140,149,170,179,220,229
154:100,119,140,149,170,179,220,229
155:100,119,140,149,170,179,220,229
156:100,119,140,149,170,179,220,229
157:100,119,140,149,170,179,220,229
158:100,119,140,149,170,179,220,229
159:100,119,140,149,170,179,220,229
160:20,89,120,139,150,159,180,219
161:20,89,120,139,150,159,180,219
162:20,89,120,139,150,159,180,219
163:20,89,120,139,150,159,180,219
164:20,89,120,139,150,159,180,219
165:20,89,120,139,150,159,180,219
166:20,89,120,139,150,159,180,219
167:20,89,120,139,150,159,180,219
168:20,89,120,139,150,159,180,219
169:20,89,120,139,150,159,180,219
170:20,29,80,89,100,129,170,189,200,229
171:20,29,80,89,100,129,170,189,200,229
172:20,29,80,89,100,129,170,189,200,229
173:20,29,80,89,100,129,170,189,200,229
174:20,29,80,89,100,129,170,189,200,229
175:20,29,80,89,100,129,170,189,200,229
176:20,29,80,89,100,129,170,189,200,229
177:20,29,80,89,100,129,170,189,200,229
178:20,29,80,89,100,129,170,189,200,229
179:20,29,80,89,100,129,170,189,200,229
180:20,29,40,69,80,89,100,109,120,139,150,159,180,189,200,209
181:20,29,40,69,80,89,100,109,120,139,150,159,180,189,200,209
182:20,29,40,69,80,89,100,109,120,139,150,159,180,189,200,209
183:20,29,40,69,80,89,100,109,120,139,150,159,180,189,200,209
184:20,29,40,69,80,89,100,109,120,139,150,159,180,189,200,209
185:20,29,40,69,80,89,100,109,120,139,150,159,180,189,200,209
186:20,29,40,69,80,89,100,109,120,139,150,159,180,189,200,209
187:20,29,40,69,80,89,100,109,120,139,150,159,180,189,200,209
188:20,29,40,69,80,89,100,109,120,139,150,159,180,189,200,209
189:20,29,40,69,80,89,100,109,120,139,150,159,180,189,200,209
190:20,29,40,69,80,89,100,109,130,169,190,199
191:20,29,40,69,80,89,100,109,130,169,190,199
192:20,29,40,69,80,89,100,109,130,169,190,199
193:20,29,40,69,80,89,100,109,130,169,190,199
194:20,29,40,69,80,89,100,109,130,169,190,199
195:20,29,40,69,80,89,100,109,130,169,190,199
196:20,29,40,69,80,89,100,109,130,169,190,199
197:20,29,40,69,80,89,100,109,130,169,190,199
198:20,29,40,69,80,89,100,109,130,169,190,199
199:20,29,40,69,80,89,100,109,130,169,190,199
200:20,29,40,69,80,89,100,119,140,149,160,179
201:20,29,40,69,80,89,100,119,140,149,160,179
202:20,29,40,69,80,89,100,119,140,149,160,179
203:20,29,40,69,80,89,100,119,140,149,160,179
204:20,29,40,69,80,89,100,119,140,149,160,179
205:20,29,40,69,80,89,100,119,140,149,160,179
206:20,29,40,69,80,89,100,119,140,149,160,179
207:20,29,40,69,80,89,100,119,140,149,160,179
208:20,29,40,69,80,89,100,119,140,149,160,179
209:20,29,40,69,80,89,100,119,140,149,160,179
210:20,29,80,89,120,169,190,199
211:20,29,80,89,120,169,190,199
212:20,29,80,89,120,169,190,199
213:20,29,80,89,120,169,190,199
214:20,29,80,89,120,169,190,199
215:20,29,80,89,120,169,190,199
216:20,29,80,89,120,169,190,199
217:20,29,80,89,120,169,190,199
218:20,29,80,89,120,169,190,199
219:20,29,80,89,120,169,190,199
220:20,89,100,129,140,149,170,179,200,219
221:20,89,100,129,140,149,170,179,200,219
222:20,89,100,129,140,149,170,179,200,219
223:20,89,100,129,140,149,170,179,200,219
224:20,89,100,129,140,149,170,179,200,219
225:20,89,100,129,140,149,170,179,200,219
226:20,89,100,129,140,149,170,179,200,219
227:20,89,100,129,140,149,170,179,200,219
228:20,89,100,129,140,149,170,179,200,219
229:20,89,100,129,140,149,170,179,200,219
